17761399990
17761399991
17761399992
17761399993
17761399994
17761399995
17761399996
17761399997
17761399998
17761399999
17761399990
17761399991
17761399992
17761399993
17761399994
17761399995
17761399996
17761399997
17761399998
17761399999
17761399990
17761399991
17761399992
17761399993
17761399994
17761399995
17761399996
17761399997
17761399998
17761399999
17761399990
17761399991
17761399992
17761399993
17761399994
17761399995
17761399996
17761399997
17761399998
17761399999
17761399990
17761399991
17761399992
17761399993
17761399994
17761399995
17761399996
17761399997
17761399998
17761399990
17761399991
17761399992
17761399993
17761399994
17761399995
17761399996
17761399997
17761399998
17761399999
17761399990
17761399991
17761399992
17761399993
17761399994
17761399995
17761399996
17761399997
17761399998
17761399999
17761399990
17761399991
17761399992
17761399993
17761399994
17761399995
17761399996
17761399997
17761399998
17761399999
17761399990
17761399991
17761399992
17761399993
17761399994
17761399995
17761399996
17761399997
17761399998
17761399999
17761399990
17761399991
17761399992
17761399993
17761399994
17761399995
17761399996
17761399997
17761399998
17761399999
17761399990
17761399991
17761399992
17761399993
17761399994
17761399995
17761399996
17761399997
17761399998
17761399999
17761399990
17761399991
17761399992
17761399993
17761399994
17761399995
17761399996
17761399997
17761399998
17761399999
17761399990
17761399990
17761399990
17761399990
17761399990
17761399991
17761399992
17761399993
17761399994
17761399995
17761399996
17761399990
17761399991
17761399992
17761399993
17761399994
17761399995
17761399996
17761399997
17761399998
17761399999
17761399990
17761399991
17761399992
17761399993
17761399994
17761399995
17761399996
17761399997
17761399998
17761399999
17761399990
17761399991
17761399992
17761399993
15959944598
17761399995
17761399996
17761399997
17761399998
17761399999
17761399990
17761399991
17761399992
17761399993
15959944598
17761399995
17761399996
17761399997
17761399998
17761399999
17761399990
17761399991
17761399992
17761399993
15959944598
17761399995
17761399996
17761399997
17761399998
17761399999
